76.77593842401936
76.31790700625741
76.77593842401936
76.31790700625741
76.31790700625741
75.86545609844967
76.31790700625741
76.31790700625741
76.31790700625741
77.23960174211794
76.77593842401936
77.23960174211794
78.18402964085473
78.18402964085473
77.70894835093563
76.31790700625741
78.6648970022578
76.31790700625741
77.23960174211794
74.97709025116714
76.77593842401936
77.70894835093563
77.23960174211794
76.77593842401936
75.86545609844967
74.54107253092737
72.44058034844733
73.26506349922535
72.44058034844733
72.85023723038898
73.26506349922535
74.11042975911212
74.11042975911212
72.44058034844733
73.26506349922535
73.26506349922535
72.85023723038898
73.26506349922535
73.26506349922535
73.26506349922535
73.68511054533892
73.26506349922535
73.68511054533892
73.26506349922535
73.68511054533892
73.68511054533892
73.26506349922535
73.68511054533892
73.26506349922535
73.68511054533892
73.26506349922535
73.26506349922535
73.26506349922535
73.68511054533892
73.26506349922535
73.68511054533892
73.26506349922535
72.85023723038898
72.85023723038898
73.26506349922535
72.85023723038898
72.85023723038898
72.85023723038898
73.26506349922535
73.26506349922535
73.68511054533892
73.68511054533892
73.68511054533892
73.68511054533892
73.26506349922535
73.26506349922535
73.26506349922535
72.85023723038898
72.85023723038898
73.26506349922535
73.26506349922535
72.85023723038898
74.54107253092737
74.54107253092737
74.11042975911212
74.97709025116714
73.68511054533892
73.26506349922535
73.26506349922535
72.85023723038898
72.44058034844733
73.26506349922535
72.85023723038898
73.26506349922535
73.26506349922535
73.26506349922535
72.85023723038898
72.44058034844733
72.85023723038898
72.85023723038898
72.44058034844733
72.44058034844733
73.26506349922535
73.26506349922535
73.26506349922535
72.85023723038898
72.85023723038898
73.26506349922535
73.26506349922535
73.26506349922535
72.44058034844733
72.85023723038898
72.85023723038898
72.44058034844733
72.44058034844733
72.85023723038898
72.85023723038898
73.68511054533892
73.26506349922535
73.26506349922535
73.26506349922535
73.68511054533892
73.68511054533892
74.54107253092737
74.11042975911212
75.41853431021379
75.41853431021379
76.31790700625741
76.77593842401936
77.23960174211794
77.23960174211794
76.77593842401936
77.23960174211794
76.77593842401936
77.70894835093563
77.70894835093563
77.70894835093563
77.70894835093563
78.18402964085473
77.70894835093563
76.31790700625741
76.31790700625741
74.97709025116714
74.97709025116714
74.11042975911212
73.26506349922535
74.11042975911212
74.11042975911212
73.26506349922535
72.85023723038898
72.03604146301801
72.85023723038898
72.44058034844733
71.63656918371854
72.85023723038898
75.41853431021379
76.77593842401936
76.77593842401936
78.6648970022578
79.64419550104549
80.14272941919495
81.67448653325489
82.72630131279546
82.72630131279546
83.80311043203935
84.35101634500607
83.26155588476327
81.15782354491716
80.64725497035799
80.14272941919495
79.64419550104549
80.64725497035799
79.64419550104549
79.15160182552724
79.15160182552724
77.23960174211794
80.14272941919495
79.15160182552724
79.64419550104549
79.15160182552724
80.64725497035799
79.15160182552724
78.18402964085473
81.67448653325489
81.67448653325489
82.72630131279546
82.19729532575352
82.19729532575352
79.15160182552724
80.14272941919495
78.6648970022578
77.70894835093563
79.64419550104549
80.14272941919495
80.14272941919495
82.19729532575352
82.72630131279546
83.26155588476327
83.26155588476327
84.90532501404591
83.80311043203935
83.26155588476327
83.26155588476327
84.90532501404591
86.0333561818746